,k,inertia,silhouette
0,2,426772.77559190197,0.15194129807354684
1,3,402156.32147321483,0.13500532904701254
2,4,377642.89520917466,0.17327769236196128
3,5,366413.37451265554,0.09218981109561539
4,6,345606.25983251334,0.04776137735852871
5,7,317424.30314702983,0.10802827843367725
6,8,325432.71707261284,0.061130641429344774
7,9,303666.0659263567,0.09242087956293527
8,10,299979.3885988988,0.08007537687115308
9,11,290219.3614047164,0.09192964205077078
10,12,289317.0745735767,0.07389944527285601
11,13,279599.47745403065,0.06490029975358678
12,14,282675.4319188021,0.06320684109881636
13,15,270918.3214971077,0.08247193714211623
14,16,268850.06814977655,0.09888383056511332
15,17,264644.26054421725,0.05964884030637614
16,18,261786.45875696998,0.082737064582699
17,19,258918.23325913603,0.057488884923879255
18,20,249364.33942736662,0.0625110576598679
19,21,251852.88463120424,0.0602873230750965
20,22,253154.68384290795,0.07401829281213132
21,23,244278.82911346894,0.0655546200715166
22,24,251623.97840005846,0.05451919741919253
23,25,231631.637395298,0.07082280245105574
24,26,237467.33380155277,0.07344800324247547
25,27,228296.3245051882,0.07490477062818593
26,28,231305.84074912878,0.07779468373463164
27,29,235577.22892622446,0.0739291646502702
28,30,228607.23822796164,0.06192181210886308
29,31,218301.2990460643,0.06597842784870643
30,32,230436.97108302213,0.0752523343851552
31,33,214810.42580056295,0.06642355710971869
32,34,216554.11691365577,0.0626765480379509
33,35,210953.52242704312,0.07812000951117745
34,36,213133.59589923875,0.0718212221186343
35,37,216245.76871779194,0.06709704857275252
36,38,215198.6267465283,0.06453905639902877
37,39,223727.91686857436,0.05361012080358588
38,40,202088.26669552276,0.07148185589281435
